Xoptfoil-JX

 Calculated polar for: JX-GX-15

 1 1 Reynolds number fixed          Mach number fixed

 xtrf =   1.000 (top)        1.000 (bottom)
 Mach =    0.00     Re =     1.000 e 6     Ncrit =   9.000

  alpha     CL        CD       CDp       Cm    Top Xtr Bot Xtr 
 ------- -------- --------- --------- -------- ------- ------- 
   2.000   0.4327   0.00504   0.00000  -0.0412  0.5000  1.0000
   2.250   0.4563   0.00523   0.00000  -0.0403  0.4683  1.0000
   2.500   0.4802   0.00542   0.00000  -0.0395  0.4375  1.0000
   2.750   0.5043   0.00562   0.00000  -0.0387  0.4080  1.0000
   3.000   0.5284   0.00583   0.00000  -0.0380  0.3786  1.0000
   3.250   0.5527   0.00604   0.00000  -0.0372  0.3495  1.0000
   3.500   0.5768   0.00628   0.00000  -0.0365  0.3206  1.0000
   3.750   0.6012   0.00651   0.00000  -0.0358  0.2915  1.0000
   4.000   0.6254   0.00678   0.00000  -0.0351  0.2627  1.0000
   4.250   0.6497   0.00704   0.00000  -0.0345  0.2338  1.0000
   4.500   0.6740   0.00733   0.00000  -0.0338  0.2059  1.0000
   4.750   0.6983   0.00763   0.00000  -0.0332  0.1782  1.0000
   5.000   0.7224   0.00797   0.00000  -0.0325  0.1521  1.0000
   5.250   0.7467   0.00830   0.00000  -0.0319  0.1274  1.0000
   5.500   0.7708   0.00865   0.00000  -0.0313  0.1046  1.0000
   5.750   0.7949   0.00902   0.00000  -0.0307  0.0845  1.0000
   6.000   0.8188   0.00941   0.00000  -0.0300  0.0669  1.0000
   6.250   0.8425   0.00982   0.00000  -0.0294  0.0520  1.0000
   6.500   0.8662   0.01023   0.00000  -0.0287  0.0406  1.0000
   6.750   0.8898   0.01065   0.00000  -0.0280  0.0321  1.0000
   7.000   0.9128   0.01112   0.00000  -0.0272  0.0257  1.0000
   7.250   0.9344   0.01173   0.00000  -0.0262  0.0208  1.0000
   7.500   0.9585   0.01207   0.00000  -0.0256  0.0178  1.0000
   7.750   0.9799   0.01267   0.00000  -0.0246  0.0152  1.0000
   8.000   1.0021   0.01317   0.00000  -0.0237  0.0133  1.0000
   8.250   1.0225   0.01385   0.00000  -0.0226  0.0117  1.0000
   8.500   1.0448   0.01429   0.00000  -0.0218  0.0103  1.0000
   8.750   1.0634   0.01521   0.00000  -0.0204  0.0091  1.0000
   9.000   1.0857   0.01556   0.00000  -0.0196  0.0082  1.0000
   9.250   1.1054   0.01621   0.00000  -0.0185  0.0072  1.0000
   9.500   1.1250   0.01690   0.00000  -0.0174  0.0065  1.0000
   9.750   1.1447   0.01743   0.00000  -0.0162  0.0058  1.0000
  10.000   1.1629   0.01818   0.00000  -0.0149  0.0053  1.0000
